Intensity_dB
-85.963079
-71.367122
-56.797902
-34.706914
-19.902383
-10.116038
-2.791421
3.017477
7.031924
9.948816
12.390496
14.638305
16.583282
17.835064
18.749846
19.099211
18.479353
17.360532
16.539707
16.604178
17.27067
21.947008
30.513138
38.092889
43.706114
48.850665
54.635831
59.457337
62.611258
63.975118
64.226513
64.549005
64.069158
61.490545
57.530426
54.68058
55.202559
61.507088
67.507311
70.144489
70.353007
69.730357
68.97536
68.583929
68.31915
67.93422
67.504487
67.063509
67.066195
67.165473
66.963584
66.731475
66.576651
66.912527
67.568874
67.382322
66.480087
65.868272
65.661171
65.197586
64.676078
65.417814
67.412205
68.593064
68.534228
67.393683
65.581127
63.063323
58.990158
54.360404
50.223068
49.74144
54.466347
59.769681
63.766639
66.349993
67.928075
69.0017
69.696939
70.372417
70.85029
70.378555
69.406831
69.343755
71.230651
72.157993
70.323311
66.668438
64.71133
69.312972
75.121684
78.29022
79.204237
78.84237
78.395393
78.344499
79.098346
79.858479
79.945166
79.589767
79.033524
