pitch_Hz		Intensity_dB
--undefined--		-33.27398
--undefined--		-4.600525
--undefined--		14.743487
--undefined--		25.254386
--undefined--		32.301222
--undefined--		38.558445
--undefined--		43.413195
--undefined--		45.904138
--undefined--		46.830006
140.414151		47.122108
148.273331		47.222972
100.704137		47.39955
--undefined--		47.366981
--undefined--		47.151281
--undefined--		47.18489
--undefined--		47.427613
--undefined--		47.178873
--undefined--		46.669487
228.022581		46.682124
--undefined--		46.613509
117.947749		46.518094
--undefined--		46.65438
--undefined--		47.083933
90.699784		47.323532
120.997314		46.83831
--undefined--		46.436464
78.067586		46.554531
--undefined--		47.193743
285.264913		47.293067
--undefined--		47.009505
--undefined--		47.116472
--undefined--		47.33968
96.185321		47.055101
105.543347		46.895899
320.911023		47.004603
--undefined--		47.078316
--undefined--		47.14707
--undefined--		47.196156
90.226393		47.311441
132.244577		46.959255
155.506806		46.645002
120.395556		46.597748
--undefined--		46.604256
78.674171		46.619852
--undefined--		46.957961
0   --undefined--		46.863175
6   --undefined--		46.203465
2   123.320832		46.227245
8   --undefined--		47.807279
3   117.102775		49.465395
9   --undefined--		49.777642
5   --undefined--		50.091844
1   --undefined--		50.364445
7   --undefined--		49.208247
3   --undefined--		47.99344
8   90.862123		46.945043
4   --undefined--		46.495328
0   138.009474		46.716235
6   --undefined--		46.806017
2   --undefined--		46.917696
8   139.287495		46.926467
3   133.519308		46.74953
9   --undefined--		46.801352
5   --undefined--		47.046618
1   100.812250		47.12145
7   --undefined--		47.073514
3   --undefined--		46.960956
8   --undefined--		47.4025
4   155.645345		47.802524
0   138.650925		47.596305
6   --undefined--		47.14363
2   --undefined--		46.941666
8   --undefined--		46.820013
3   141.458512		46.732414
9   --undefined--		46.804737
5   120.890284		47.48927
1   --undefined--		47.658272
7   --undefined--		47.145163
2   --undefined--		46.734804
8   --undefined--		46.340295
4   --undefined--		46.325821
0   --undefined--		46.27753
6   --undefined--		45.940118
2   --undefined--		46.044115
7   285.794249		46.598938
3   131.267788		47.073662
9   93.554887		47.144273
5   --undefined--		46.868129
1   --undefined--		46.862595
7   --undefined--		47.141929
2   135.134587		47.144332
8   --undefined--		46.990828
4   --undefined--		46.800762
0   --undefined--		46.988537
6   --undefined--		47.289951
2   --undefined--		46.949962
7   --undefined--		46.668463
3   --undefined--		46.645112
9   --undefined--		46.859236
5   --undefined--		47.144289
		47.538303
		47.59089
