pitch_Hz		Intensity_dB
205.682915		-58.019665
176.575582		8.058885
278.028175		25.464599
200.768707		28.045637
192.344425		43.337303
179.183362		57.909858
414.483714		68.608204
134.351221		75.34309
140.130934		79.284777
138.911708		81.287055
155.455846		81.70938
--undefined--		80.840343
150.083136		79.248957
--undefined--		77.862281
272.324987		76.738276
121.884146		74.409742
--undefined--		70.571548
155.827277		67.629874
--undefined--		64.984136
--undefined--		65.107922
310.32852		72.227989
327.130911		77.519375
--undefined--		80.389643
--undefined--		81.557791
179.271996		81.506423
204.000567		80.001192
--undefined--		76.573013
178.386706		71.469205
231.593669		65.791336
177.740414		63.739881
--undefined--		66.84718
149.020158		72.922796
--undefined--		77.472035
--undefined--		80.085566
194.069278		81.549043
--undefined--		82.136393
176.219378		81.749538
--undefined--		80.10269
128.876597		77.483153
127.924097		75.897343
104.484158		76.565553
--undefined--		78.754283
219.062871		79.847882
207.86373		79.483807
--undefined--		78.756724
215.769274		78.869853
--undefined--		79.802562
147.681222		80.982307
159.262152		82.114725
445.467626		82.52921
103.419926		82.571619
163.477128		82.101531
243.258301		80.255619
--undefined--		76.42924
9   --undefined--		70.140523
1   --undefined--		63.82901
3   206.387783		68.323294
6   --undefined--		72.307734
8   --undefined--		73.467616
0   --undefined--		73.459648
3   169.161861		75.029244
5   235.955668		76.687634
7   --undefined--		76.683941
0   --undefined--		76.116148
2   --undefined--		75.854207
4   173.190152		75.9046
7   --undefined--		76.228919
9   293.048015		76.502723
2   --undefined--		76.685949
4   --undefined--		76.797226
6   258.432728		77.037986
9   327.169652		77.224225
1   --undefined--		76.677186
3   --undefined--		75.086732
6   182.521185		73.771673
8   --undefined--		73.747064
0   --undefined--		74.155537
3   --undefined--		75.133978
5   --undefined--		76.212827
7   --undefined--		75.659455
0   199.292839		73.336547
2   177.553561		74.03516
5   159.172410		77.563261
7   161.787521		79.339435
9   --undefined--		79.483908
2   104.241671		79.416993
4   --undefined--		79.61519
6   119.122652		79.084097
9   136.791380		76.26494
1   --undefined--		70.073062
3   349.166840		62.471449
6   --undefined--		61.039825
8   138.083206		60.743447
0   119.228621		62.988487
3   281.942288		69.845009
5   315.329839		74.932585
8   231.868508		77.457749
0   --undefined--		78.257105
2   --undefined--		78.233932
5   --undefined--		77.858066
		77.49089
		77.306101
