pitch_Hz		Intensity_dB
--undefined--		79.742048
--undefined--		82.577227
--undefined--		82.464016
--undefined--		80.92444
--undefined--		78.466422
--undefined--		76.046661
--undefined--		74.653016
207.341764		73.246706
327.579223		72.732576
197.344948		73.907169
310.26675		74.285138
--undefined--		73.832589
--undefined--		73.253988
171.867672		71.959721
--undefined--		70.240035
239.834342		68.912104
--undefined--		69.001166
235.534704		74.247334
297.276927		79.560952
278.4237		81.944756
87.459248		81.96648
221.805489		80.836145
--undefined--		79.179929
--undefined--		77.072764
216.553198		75.853784
--undefined--		74.812621
188.901434		73.425732
302.894418		72.741219
211.970955		72.238143
169.758449		71.898826
447.953182		72.491013
180.127898		72.955039
--undefined--		72.936945
--undefined--		73.080661
109.535512		74.272175
--undefined--		77.205975
--undefined--		79.387214
--undefined--		79.406933
--undefined--		78.490899
307.172402		78.280854
--undefined--		78.012782
203.476248		76.868311
183.393505		75.619003
241.863008		75.115455
--undefined--		75.017432
227.436584		74.478567
--undefined--		72.865713
234.644673		69.837727
231.896081		66.002821
211.150478		64.540885
194.108871		67.369011
--undefined--		70.094577
252.483571		71.467434
81.61163		72.069301
157.813977		72.241799
--undefined--		71.810416
--undefined--		70.301828
--undefined--		68.409799
182.397558		70.264643
214.662108		74.062949
--undefined--		76.701031
--undefined--		78.025685
192.686832		78.408951
--undefined--		78.424507
--undefined--		78.131968
165.641847		77.61285
--undefined--		77.441224
303.58759		77.621276
208.240375		77.672016
--undefined--		77.461283
191.337201		77.211056
172.368351		77.141639
209.017953		77.352685
146.05235		77.742768
210.983934		77.666821
222.854199		77.245352
--undefined--		77.231165
320.270185		76.972872
202.1229		75.804827
205.046039		73.495465
--undefined--		70.305546
--undefined--		69.227134
--undefined--		73.175668
247.691457		75.855951
161.534527		75.617988
--undefined--		73.664123
208.044084		72.839585
195.618904		73.356357
204.938429		73.696639
0   208.016968		74.341209
5   --undefined--		75.266025
9   205.539721		75.685734
3   --undefined--		75.213488
7   187.344718		74.633185
1   --undefined--		74.546341
6   124.834553		74.39984
0   180.905374		74.397392
4   180.422237		75.190795
8   --undefined--		75.947885
2   --undefined--		76.343392
		76.858962
		77.391527
