pitch_Hz		Intensity_dB
--undefined--		-300
--undefined--		-85.138525
407.473166		-62.018448
--undefined--		-44.918514
175.387366		-27.888958
--undefined--		-15.112972
225.419032		43.517075
--undefined--		45.862229
340.816472		52.693955
--undefined--		57.939245
333.907299		59.095555
--undefined--		57.015835
190.487027		55.870558
173.921047		56.60589
--undefined--		55.721468
--undefined--		53.432946
--undefined--		50.590284
--undefined--		52.834442
477.447257		54.584998
224.115894		53.727183
251.853264		53.07754
181.202588		54.232001
168.930543		54.469114
--undefined--		53.63588
422.099217		53.710375
--undefined--		54.078624
223.816973		53.073889
203.725077		52.351675
330.384683		52.343345
--undefined--		53.777736
180.11899		54.639252
229.39452		54.558762
--undefined--		53.754106
--undefined--		54.413928
259.550996		56.642751
320.067242		57.488534
172.165816		57.183187
--undefined--		56.892981
--undefined--		55.93687
274.095101		55.84908
209.698922		56.733006
78.665365		56.532526
182.808119		55.774309
203.195534		54.88342
245.295825		56.550569
--undefined--		56.668618
--undefined--		57.102231
236.833886		58.039309
232.640844		58.567063
186.161131		57.893508
3   172.330112		55.731486
1   --undefined--		54.170949
0   178.772729		53.117581
8   --undefined--		52.923192
6   245.343825		54.646168
4   208.302793		54.185668
3   186.950888		53.598704
1   203.804585		53.233345
9   193.805014		52.826518
7   --undefined--		53.624032
6   472.987985		55.96364
4   78.639650		57.762999
2   165.703447		57.417085
1   467.559786		56.507051
9   287.953257		57.769462
7   306.508201		57.79584
5   --undefined--		56.796438
4   --undefined--		56.284541
2   245.281321		56.442364
0   --undefined--		57.713592
9   238.583787		56.68736
7   --undefined--		54.316147
5   206.443187		52.371595
3   226.586563		50.222285
2   214.034110		54.237881
0   --undefined--		58.042629
8   216.350510		59.490608
6   --undefined--		58.477508
5   --undefined--		56.004623
3   --undefined--		54.370471
1   207.924467		54.528803
0   287.977886		55.132998
8   312.224789		56.719516
6   233.071956		57.19592
4   279.661636		56.524685
3   208.601324		56.230585
1   --undefined--		54.873727
9   --undefined--		55.842999
7   --undefined--		57.557185
6   364.809054		57.980627
4   250.414134		57.20563
2   207.155570		55.481923
1   --undefined--		54.607922
9   410.257130		55.159869
7   380.309748		56.942266
5   295.345908		56.152468
4   322.117881		53.21422
2   --undefined--		53.970343
0   --undefined--		55.178521
9   --undefined--		56.177177
		56.475765
		56.72415
		56.169121
